506
435
338
393
374
199
506
435
338
393
374
199
506
435
338
393
374
199
506
435
338
393
388
189
506
435
338
393
388
189
506
435
338
393
388
189
506
435
338
393
390
217
506
435
338
393
390
217
506
435
338
393
390
217
506
435
338
393
414
215
506
435
338
393
414
215
506
435
338
393
414
215
506
435
338
393
419
247
506
435
338
393
419
247
506
435
338
393
419
247
506
435
288
406
374
199
506
435
288
406
374
199
506
435
288
406
374
199
506
435
288
406
388
189
506
435
288
406
388
189
506
435
288
406
388
189
506
435
288
406
390
217
506
435
288
406
390
217
506
435
288
406
390
217
506
435
288
406
419
247
506
435
288
406
419
247
506
435
288
406
419
247
506
435
338
401
374
199
506
435
338
401
374
199
506
435
338
401
374
199
506
435
338
401
388
189
506
435
338
401
388
189
506
435
338
401
388
189
506
435
338
401
390
217
506
435
338
401
390
217
506
435
338
401
390
217
506
435
338
401
414
215
506
435
338
401
414
215
506
435
338
401
414
215
506
435
338
401
419
247
506
435
338
401
419
247
506
435
338
401
419
247
506
435
374
199
338
393
506
435
374
199
338
393
506
435
374
199
338
393
506
435
374
199
288
406
506
435
374
199
288
406
506
435
374
199
288
406
506
435
374
199
338
401
506
435
374
199
338
401
506
435
374
199
338
401
506
435
388
189
338
393
506
435
388
189
338
393
506
435
388
189
338
393
506
435
388
189
288
406
506
435
388
189
288
406
506
435
388
189
288
406
506
435
388
189
338
401
506
435
388
189
338
401
506
435
388
189
338
401
506
435
390
217
338
393
506
435
390
217
338
393
506
435
390
217
338
393
506
435
390
217
288
406
506
435
390
217
288
406
506
435
390
217
288
406
506
435
390
217
338
401
506
435
390
217
338
401
506
435
390
217
338
401
506
435
414
215
338
393
506
435
414
215
338
393
506
435
414
215
338
393
506
435
414
215
338
401
506
435
414
215
338
401
506
435
414
215
338
401
506
435
419
247
338
393
506
435
419
247
338
393
506
435
419
247
338
393
506
435
419
247
288
406
506
435
419
247
288
406
506
435
419
247
288
406
506
435
419
247
338
401
506
435
419
247
338
401
506
435
419
247
338
401
176
145
338
393
374
199
176
145
338
393
374
199
176
145
338
393
374
199
176
145
338
393
388
189
176
145
338
393
388
189
176
145
338
393
388
189
176
145
338
393
390
217
176
145
338
393
390
217
176
145
338
393
390
217
176
145
338
393
414
215
176
145
338
393
414
215
176
145
338
393
414
215
176
145
338
393
419
247
176
145
338
393
419
247
176
145
338
393
419
247
176
145
338
393
438
256
176
145
338
393
438
256
176
145
338
393
438
256
176
145
338
393
428
267
176
145
338
393
428
267
176
145
338
393
428
267
176
145
288
406
374
199
176
145
288
406
374
199
176
145
288
406
374
199
176
145
288
406
388
189
176
145
288
406
388
189
176
145
288
406
388
189
176
145
288
406
390
217
176
145
288
406
390
217
176
145
288
406
390
217
176
145
288
406
419
247
176
145
288
406
419
247
176
145
288
406
419
247
176
145
288
406
438
256
176
145
288
406
438
256
176
145
288
406
438
256
176
145
288
406
428
267
176
145
288
406
428
267
176
145
288
406
428
267
176
145
374
199
338
393
176
145
374
199
338
393
176
145
374
199
338
393
176
145
374
199
288
406
176
145
374
199
288
406
176
145
374
199
288
406
176
145
388
189
338
393
176
145
388
189
338
393
176
145
388
189
338
393
176
145
388
189
288
406
176
145
388
189
288
406
176
145
388
189
288
406
176
145
390
217
338
393
176
145
390
217
338
393
176
145
390
217
338
393
176
145
390
217
288
406
176
145
390
217
288
406
176
145
390
217
288
406
176
145
414
215
338
393
176
145
414
215
338
393
176
145
414
215
338
393
176
145
419
247
338
393
176
145
419
247
338
393
176
145
419
247
338
393
176
145
419
247
288
406
176
145
419
247
288
406
176
145
419
247
288
406
176
145
438
256
338
393
176
145
438
256
338
393
176
145
438
256
338
393
176
145
438
256
288
406
176
145
438
256
288
406
176
145
438
256
288
406
176
145
428
267
338
393
176
145
428
267
338
393
176
145
428
267
338
393
176
145
428
267
288
406
176
145
428
267
288
406
176
145
428
267
288
406
288
406
374
199
445
402
288
406
374
199
445
402
288
406
374
199
445
402
288
406
388
189
445
402
288
406
388
189
445
402
288
406
388
189
445
402
288
406
390
217
445
402
288
406
390
217
445
402
288
406
390
217
445
402
288
406
445
402
374
199
288
406
445
402
374
199
288
406
445
402
374
199
288
406
445
402
388
189
288
406
445
402
388
189
288
406
445
402
388
189
288
406
445
402
390
217
288
406
445
402
390
217
288
406
445
402
390
217
