460
48
621
137
420
237
460
48
621
137
420
237
460
48
621
137
420
237
460
48
621
137
400
233
460
48
621
137
400
233
460
48
621
137
400
233
460
48
621
137
417
219
460
48
621
137
417
219
460
48
621
137
417
219
460
48
621
137
390
212
460
48
621
137
390
212
460
48
621
137
390
212
460
48
621
137
407
190
460
48
621
137
407
190
460
48
621
137
407
190
460
48
688
152
420
237
460
48
688
152
420
237
460
48
688
152
420
237
460
48
688
152
400
233
460
48
688
152
400
233
460
48
688
152
400
233
460
48
688
152
417
219
460
48
688
152
417
219
460
48
688
152
417
219
460
48
688
152
407
190
460
48
688
152
407
190
460
48
688
152
407
190
460
48
630
135
420
237
460
48
630
135
420
237
460
48
630
135
420
237
460
48
630
135
400
233
460
48
630
135
400
233
460
48
630
135
400
233
460
48
630
135
417
219
460
48
630
135
417
219
460
48
630
135
417
219
460
48
630
135
390
212
460
48
630
135
390
212
460
48
630
135
390
212
460
48
630
135
407
190
460
48
630
135
407
190
460
48
630
135
407
190
460
48
621
137
420
237
460
48
621
137
420
237
460
48
621
137
420
237
460
48
688
152
420
237
460
48
688
152
420
237
460
48
688
152
420
237
460
48
630
135
420
237
460
48
630
135
420
237
460
48
630
135
420
237
460
48
621
137
400
233
460
48
621
137
400
233
460
48
621
137
400
233
460
48
688
152
400
233
460
48
688
152
400
233
460
48
688
152
400
233
460
48
630
135
400
233
460
48
630
135
400
233
460
48
630
135
400
233
460
48
621
137
417
219
460
48
621
137
417
219
460
48
621
137
417
219
460
48
688
152
417
219
460
48
688
152
417
219
460
48
688
152
417
219
460
48
630
135
417
219
460
48
630
135
417
219
460
48
630
135
417
219
460
48
621
137
390
212
460
48
621
137
390
212
460
48
621
137
390
212
460
48
630
135
390
212
460
48
630
135
390
212
460
48
630
135
390
212
460
48
621
137
407
190
460
48
621
137
407
190
460
48
621
137
407
190
460
48
688
152
407
190
460
48
688
152
407
190
460
48
688
152
407
190
460
48
630
135
407
190
460
48
630
135
407
190
460
48
630
135
407
190
609
347
621
137
420
237
609
347
621
137
420
237
609
347
621
137
420
237
609
347
621
137
400
233
609
347
621
137
400
233
609
347
621
137
400
233
609
347
621
137
417
219
609
347
621
137
417
219
609
347
621
137
417
219
609
347
621
137
390
212
609
347
621
137
390
212
609
347
621
137
390
212
609
347
621
137
407
190
609
347
621
137
407
190
609
347
621
137
407
190
609
347
621
137
394
181
609
347
621
137
394
181
609
347
621
137
394
181
609
347
621
137
414
174
609
347
621
137
414
174
609
347
621
137
414
174
609
347
688
152
420
237
609
347
688
152
420
237
609
347
688
152
420
237
609
347
688
152
400
233
609
347
688
152
400
233
609
347
688
152
400
233
609
347
688
152
417
219
609
347
688
152
417
219
609
347
688
152
417
219
609
347
688
152
407
190
609
347
688
152
407
190
609
347
688
152
407
190
609
347
688
152
394
181
609
347
688
152
394
181
609
347
688
152
394
181
609
347
688
152
414
174
609
347
688
152
414
174
609
347
688
152
414
174
609
347
621
137
420
237
609
347
621
137
420
237
609
347
621
137
420
237
609
347
688
152
420
237
609
347
688
152
420
237
609
347
688
152
420
237
609
347
621
137
400
233
609
347
621
137
400
233
609
347
621
137
400
233
609
347
688
152
400
233
609
347
688
152
400
233
609
347
688
152
400
233
609
347
621
137
417
219
609
347
621
137
417
219
609
347
621
137
417
219
609
347
688
152
417
219
609
347
688
152
417
219
609
347
688
152
417
219
609
347
621
137
390
212
609
347
621
137
390
212
609
347
621
137
390
212
609
347
621
137
407
190
609
347
621
137
407
190
609
347
621
137
407
190
609
347
688
152
407
190
609
347
688
152
407
190
609
347
688
152
407
190
609
347
621
137
394
181
609
347
621
137
394
181
609
347
621
137
394
181
609
347
688
152
394
181
609
347
688
152
394
181
609
347
688
152
394
181
609
347
621
137
414
174
609
347
621
137
414
174
609
347
621
137
414
174
609
347
688
152
414
174
609
347
688
152
414
174
609
347
688
152
414
174
688
152
420
237
505
90
688
152
420
237
505
90
688
152
420
237
505
90
688
152
400
233
505
90
688
152
400
233
505
90
688
152
400
233
505
90
688
152
417
219
505
90
688
152
417
219
505
90
688
152
417
219
505
90
688
152
420
237
505
90
688
152
420
237
505
90
688
152
420
237
505
90
688
152
400
233
505
90
688
152
400
233
505
90
688
152
400
233
505
90
688
152
417
219
505
90
688
152
417
219
505
90
688
152
417
219
505
90
